预测结果
15.730000000000004
18.82900000000001
15.802000000000003
25.932000000000016
13.28
28.671000000000003
12.745
18.632
28.68700000000001
19.738999999999997
36.48499999999999
24.124000000000002
25.657000000000004
17.51
15.875
14.491000000000001
19.320999999999998
26.885000000000005
34.169999999999966
20.531000000000002
32.894999999999996
25.89
15.042
12.515
23.416
15.081
14.285
36.031000000000006
15.453000000000001
20.980999999999984
23.965999999999998
20.473
32.823
14.048
23.559999999999995
36.048999999999985
20.885999999999996
25.11
30.993000000000006
26.287000000000006
14.145
15.086000000000002
17.656
22.545
28.11
26.96
14.16
13.69
18.725
12.595
13.42
26.35
36.543000000000035
34.397000000000006
13.595
35.05500000000001
15.556000000000001
26.796
13.77
14.27
28.07
20.76099999999999
13.42
24.951999999999995
36.012
23.85099999999999
31.248000000000005
14.09
38.90100000000003
16.747
11.31
17.409000000000002
13.445
21.13
13.86
36.01500000000001
12.59
