预测结果
19.747811642864207
20.135383030770548
16.125677202026957
27.466003178311745
9.726602434573474
26.9316920113176
6.615758307675836
20.06357084704531
28.55591182934655
21.565734501005398
32.71069076356554
24.046003453710494
25.5128059854417
20.244862573355356
17.602164266000244
14.777929289869078
21.592706117620573
27.983187091959035
34.764216176379676
23.331094254182677
28.02899020832421
24.82308602610182
14.390365328182236
9.111809132111853
20.390287333019085
14.78826090152802
13.221789515488698
32.75832446891894
13.547042508919755
24.44826767853205
23.471182319346347
21.199601635628238
32.60278074815838
15.162372485283827
26.21932199208764
36.14040696511023
22.566782286941354
25.840209883121794
28.93665592665107
26.594078910110504
12.18905027122954
15.860286041414769
19.40141070104623
24.281984158394707
27.8093973544149
25.852050523853425
11.652654816410605
13.41479904033419
20.52267791581988
10.19142551248856
10.152315699458844
23.84772574620026
30.966834439870503
31.583300099481953
11.626703223465887
33.60509546365385
17.62548224699338
26.80584479031626
10.124043099104767
14.960190995423325
24.31586804989965
23.75874578093252
14.496028099396616
29.98525555344292
30.823166194403093
24.7014672420696
29.134753360428817
13.5457015938201
33.91397554001292
14.782998696786745
6.742385220896349
19.349401215905985
13.898415635865826
22.75317687532244
10.900351105584006
31.621901339289302
8.627247785093909
